7041904297
7276388307
8434731644
8042929004
5817056993
8096386160
1985901279
7583819792
6830018513
1205955170
7924943602
7303370051
7498114510
6435199069
8186298541
8264064435
5990295023
8023249775
7271863538
7048025790
1431074738
6323918825
7360348843
6275748183
1511531115
2107698959
6441609039
6694946143
7406697836
7368355398
6265222242
1050151029
8093426173
5656316163
6931080831
7168978119
7301073740
6582413761
5733360758
1673728855
7000510146
7810623936
1604015495
8209281453
8321746308
911118686
7998493074
7197974259
7447506146
7630605201
6328692936
6375696243
5738012347
1355384279
7859530135
1226627997
7183504622
1335910474
6756386906
7771595990
7376271336
7500523111
6738227320
1625511003
5406840937
7019607431
5921904402
5365284656
5176346241
8131243966
7020013662
8197474713
6046447744
1836305410
5979507195
8294022228
7923370577
6638851886
7298729030
7468978119
6062566413
6204293152
8174438916
5394258071
5099123454
6404948235
1173109239
5936089446
5635287830
1825983106
7196341483
6971329564
238678595
7675027361
5448337661
8430035257
6252006107
7505209034
7248273365
7744637893
7822580574
7518380304
1056023626
7335808893
6560859912
924315152
1586336995
6325591638
7333625989
8416765263
7266892881
7592238837
7788704502
7790625655
